(fromNodeId, toNodeId), shortestPathDistance, sumOfNeighbors, sumOfPapers, coAuthorOrNot
(0, 1), 1, 2, 1, 1
(0, 2), 1, 2, 1, 1
(0, 24), 2, 2, 0, 0
(0, 215), 2, 2, 0, 0
(1, 0), 1, 2, 1, 1
(1, 2), 1, 3, 1, 1
(1, 24), 2, 3, 0, 0
(1, 215), 1, 2, 1, 1
(2, 0), 1, 2, 1, 1
(2, 1), 1, 3, 1, 1
(2, 24), 1, 2, 1, 1
(2, 215), 2, 3, 0, 0
(4, 5), 2, 3, 2, 1
(4, 6), 1, 3, 1, 1
(4, 35), 1, 4, 1, 1
(4, 36), 1, 3, 1, 1
(4, 212), 2, 4, 0, 0
(5, 4), 2, 3, 2, 1
(5, 6), 1, 1, 1, 1
(5, 35), 3, 4, 0, 0
(5, 36), 3, 3, 0, 0
(5, 212), 4, 3, 0, 0
(6, 4), 1, 3, 1, 1
(6, 5), 1, 1, 1, 1
(6, 35), 2, 4, 0, 0
(6, 36), 2, 3, 0, 0
(6, 212), 3, 3, 0, 0
(7, 8), 2, 2, 2, 1
(7, 9), 2, 2, 2, 1
(7, 149), 1, 2, 1, 1
(8, 7), 2, 2, 2, 1
(8, 9), 2, 1, 2, 1
(8, 149), 3, 2, 0, 0
(9, 7), 2, 2, 2, 1
(9, 8), 2, 1, 2, 1
(9, 149), 3, 2, 0, 0
(10, 11), 1, 2, 1, 1
(10, 12), 1, 7, 1, 1
(10, 13), 1, 2, 1, 1
(10, 228), 2, 7, 0, 0
(10, 229), 2, 7, 0, 0
(10, 230), 2, 7, 0, 0
(10, 231), 2, 7, 0, 0
(10, 232), 2, 7, 0, 0
(11, 10), 1, 2, 1, 1
(11, 12), 1, 7, 1, 1
(11, 13), 1, 2, 1, 1
(11, 228), 2, 7, 0, 0
(11, 229), 2, 7, 0, 0
(11, 230), 2, 7, 0, 0
(11, 231), 2, 7, 0, 0
(11, 232), 2, 7, 0, 0
(12, 10), 1, 7, 1, 1
(12, 11), 1, 7, 1, 1
(12, 13), 1, 7, 1, 1
(12, 228), 1, 7, 1, 1
(12, 229), 1, 7, 1, 1
(12, 230), 1, 7, 1, 1
(12, 231), 1, 7, 1, 1
(12, 232), 1, 7, 1, 1
(13, 10), 1, 2, 1, 1
(13, 11), 1, 2, 1, 1
(13, 12), 1, 7, 1, 1
(13, 228), 2, 7, 0, 0
(13, 229), 2, 7, 0, 0
(13, 230), 2, 7, 0, 0
(13, 231), 2, 7, 0, 0
(13, 232), 2, 7, 0, 0
(14, 91), 1, 3, 1, 1
(14, 92), 1, 3, 1, 1
(14, 93), 1, 3, 1, 1
(14, 94), 1, 3, 1, 1
(15, 16), 1, 0, 1, 1
(16, 15), 1, 0, 1, 1
(17, 18), 1, 1, 1, 1
(17, 19), 1, 1, 1, 1
(18, 17), 1, 1, 1, 1
(18, 19), 1, 1, 1, 1
(19, 17), 1, 1, 1, 1
(19, 18), 1, 1, 1, 1
(20, 21), 1, 1, 1, 1
(20, 201), 2, 1, 0, 0
(21, 20), 1, 1, 1, 1
(21, 201), 1, 1, 1, 1
(22, 23), 2, 0, 2, 1
(23, 22), 2, 0, 2, 1
(24, 0), 2, 2, 0, 0
(24, 1), 2, 3, 0, 0
(24, 2), 1, 2, 1, 1
(24, 215), 3, 2, 0, 0
(26, 27), 1, 10, 1, 1
(26, 28), 1, 11, 1, 1
(26, 79), 1, 10, 1, 1
(26, 80), 1, 10, 1, 1
(26, 81), 1, 10, 1, 1
(26, 82), 1, 11, 1, 1
(26, 103), 2, 11, 0, 0
(26, 240), 1, 10, 1, 1
(26, 241), 1, 10, 1, 1
(26, 242), 1, 10, 1, 1
(26, 243), 1, 10, 1, 1
(26, 244), 1, 11, 1, 1
(26, 256), 2, 11, 0, 0
(26, 3337), 2, 11, 0, 0
(27, 26), 1, 10, 1, 1
(27, 28), 1, 2, 1, 1
(27, 79), 2, 5, 0, 0
(27, 80), 2, 5, 0, 0
(27, 81), 2, 5, 0, 0
(27, 82), 2, 6, 0, 0
(27, 103), 2, 2, 0, 0
(27, 240), 2, 6, 0, 0
(27, 241), 2, 6, 0, 0
(27, 242), 2, 6, 0, 0
(27, 243), 2, 6, 0, 0
(27, 244), 2, 7, 0, 0
(27, 256), 3, 3, 0, 0
(27, 3337), 3, 3, 0, 0
(28, 26), 1, 11, 1, 1
(28, 27), 1, 2, 1, 1
(28, 79), 2, 6, 0, 0
(28, 80), 2, 6, 0, 0
(28, 81), 2, 6, 0, 0
(28, 82), 2, 7, 0, 0
(28, 103), 1, 2, 1, 1
(28, 240), 2, 7, 0, 0
(28, 241), 2, 7, 0, 0
(28, 242), 2, 7, 0, 0
(28, 243), 2, 7, 0, 0
(28, 244), 2, 8, 0, 0
(28, 256), 3, 4, 0, 0
(28, 3337), 3, 4, 0, 0
(29, 30), 1, 4, 1, 1
(29, 31), 1, 1, 1, 1
(29, 100), 2, 4, 0, 0
(29, 101), 2, 4, 0, 0
(29, 102), 2, 4, 0, 0
(30, 29), 1, 4, 1, 1
(30, 31), 1, 4, 1, 1
(30, 100), 1, 4, 1, 1
(30, 101), 1, 4, 1, 1
(30, 102), 1, 4, 1, 1
(31, 29), 1, 1, 1, 1
(31, 30), 1, 4, 1, 1
(31, 100), 2, 4, 0, 0
(31, 101), 2, 4, 0, 0
(31, 102), 2, 4, 0, 0
(32, 33), 1, 1, 1, 1
(32, 34), 1, 1, 1, 1
(33, 32), 1, 1, 1, 1
(33, 34), 1, 1, 1, 1
(34, 32), 1, 1, 1, 1
(34, 33), 1, 1, 1, 1
(35, 4), 1, 4, 1, 1
(35, 5), 3, 4, 0, 0
(35, 6), 2, 4, 0, 0
(35, 36), 1, 2, 1, 1
(35, 212), 1, 2, 1, 1
(36, 4), 1, 3, 1, 1
(36, 5), 3, 3, 0, 0
(36, 6), 2, 3, 0, 0
(36, 35), 1, 2, 1, 1
(36, 212), 2, 2, 0, 0
(37, 38), 1, 1, 1, 1
(37, 39), 1, 1, 1, 1
(38, 37), 1, 1, 1, 1
(38, 39), 1, 1, 1, 1
(39, 37), 1, 1, 1, 1
(39, 38), 1, 1, 1, 1
(40, 41), 1, 0, 1, 1
(41, 40), 1, 0, 1, 1
(43, 44), 1, 0, 1, 1
(44, 43), 1, 0, 1, 1
(45, 46), 1, 4, 1, 1
(45, 47), 1, 4, 1, 1
(45, 48), 1, 4, 1, 1
(45, 49), 1, 4, 1, 1
(45, 50), 1, 4, 1, 1
(46, 45), 1, 4, 1, 1
(46, 47), 1, 4, 1, 1
(46, 48), 1, 4, 1, 1
(46, 49), 1, 4, 1, 1
(46, 50), 1, 4, 1, 1
(47, 45), 1, 4, 1, 1
(47, 46), 1, 4, 1, 1
(47, 48), 1, 4, 1, 1
(47, 49), 1, 4, 1, 1
(47, 50), 1, 4, 1, 1
(48, 45), 1, 4, 1, 1
(48, 46), 1, 4, 1, 1
(48, 47), 1, 4, 1, 1
(48, 49), 1, 4, 1, 1
(48, 50), 1, 4, 1, 1
(49, 45), 1, 4, 1, 1
(49, 46), 1, 4, 1, 1
(49, 47), 1, 4, 1, 1
(49, 48), 1, 4, 1, 1
(49, 50), 1, 4, 1, 1
(50, 45), 1, 4, 1, 1
(50, 46), 1, 4, 1, 1
(50, 47), 1, 4, 1, 1
(50, 48), 1, 4, 1, 1
(50, 49), 1, 4, 1, 1
(51, 52), 1, 1, 1, 1
(51, 53), 1, 1, 1, 1
(52, 51), 1, 1, 1, 1
(52, 53), 1, 1, 1, 1
(53, 51), 1, 1, 1, 1
(53, 52), 1, 1, 1, 1
(54, 55), 1, 0, 1, 1
(55, 54), 1, 0, 1, 1
(56, 57), 1, 4, 1, 1
(56, 58), 1, 1, 1, 1
(56, 104), 2, 4, 0, 0
(56, 105), 2, 4, 0, 0
(56, 106), 2, 4, 0, 0
(57, 56), 1, 4, 1, 1
(57, 58), 1, 4, 1, 1
(57, 104), 1, 4, 1, 1
(57, 105), 1, 4, 1, 1
(57, 106), 1, 4, 1, 1
(58, 56), 1, 1, 1, 1
(58, 57), 1, 4, 1, 1
(58, 104), 2, 4, 0, 0
(58, 105), 2, 4, 0, 0
(58, 106), 2, 4, 0, 0
(59, 60), 1, 0, 1, 1
(60, 59), 1, 0, 1, 1
(62, 63), 2, 0, 2, 1
(63, 62), 2, 0, 2, 1
(65, 66), 1, 1, 1, 1
(65, 67), 1, 1, 1, 1
(66, 65), 1, 1, 1, 1
(66, 67), 1, 1, 1, 1
(67, 65), 1, 1, 1, 1
(67, 66), 1, 1, 1, 1
(68, 69), 1, 8, 1, 1
(68, 70), 1, 6, 1, 1
(68, 71), 1, 6, 1, 1
(68, 72), 1, 6, 1, 1
(68, 73), 1, 9, 1, 1
(68, 74), 1, 6, 1, 1
(68, 75), 1, 6, 1, 1
(68, 173), 2, 8, 0, 0
(68, 174), 2, 8, 0, 0
(68, 196), 2, 9, 0, 0
(68, 197), 2, 9, 0, 0
(68, 198), 2, 9, 0, 0
(69, 68), 1, 8, 1, 1
(69, 70), 1, 8, 1, 1
(69, 71), 1, 8, 1, 1
(69, 72), 1, 8, 1, 1
(69, 73), 1, 11, 1, 1
(69, 74), 1, 8, 1, 1
(69, 75), 1, 8, 1, 1
(69, 173), 1, 8, 1, 1
(69, 174), 1, 8, 1, 1
(69, 196), 2, 11, 0, 0
(69, 197), 2, 11, 0, 0
(69, 198), 2, 11, 0, 0
(70, 68), 1, 6, 1, 1
(70, 69), 1, 8, 1, 1
(70, 71), 1, 6, 1, 1
(70, 72), 1, 6, 1, 1
(70, 73), 1, 9, 1, 1
(70, 74), 1, 6, 1, 1
(70, 75), 1, 6, 1, 1
(70, 173), 2, 8, 0, 0
(70, 174), 2, 8, 0, 0
(70, 196), 2, 9, 0, 0
(70, 197), 2, 9, 0, 0
(70, 198), 2, 9, 0, 0
(71, 68), 1, 6, 1, 1
(71, 69), 1, 8, 1, 1
(71, 70), 1, 6, 1, 1
(71, 72), 1, 6, 1, 1
(71, 73), 1, 9, 1, 1
(71, 74), 1, 6, 1, 1
(71, 75), 1, 6, 1, 1
(71, 173), 2, 8, 0, 0
(71, 174), 2, 8, 0, 0
(71, 196), 2, 9, 0, 0
(71, 197), 2, 9, 0, 0
(71, 198), 2, 9, 0, 0
(72, 68), 1, 6, 1, 1
(72, 69), 1, 8, 1, 1
(72, 70), 1, 6, 1, 1
(72, 71), 1, 6, 1, 1
(72, 73), 1, 9, 1, 1
(72, 74), 1, 6, 1, 1
(72, 75), 1, 6, 1, 1
(72, 173), 2, 8, 0, 0
(72, 174), 2, 8, 0, 0
(72, 196), 2, 9, 0, 0
(72, 197), 2, 9, 0, 0
(72, 198), 2, 9, 0, 0
(73, 68), 1, 9, 1, 1
(73, 69), 1, 11, 1, 1
(73, 70), 1, 9, 1, 1
(73, 71), 1, 9, 1, 1
(73, 72), 1, 9, 1, 1
(73, 74), 1, 9, 1, 1
(73, 75), 1, 9, 1, 1
(73, 173), 2, 11, 0, 0
(73, 174), 2, 11, 0, 0
(73, 196), 1, 9, 1, 1
(73, 197), 1, 9, 1, 1
(73, 198), 1, 9, 1, 1
(74, 68), 1, 6, 1, 1
(74, 69), 1, 8, 1, 1
(74, 70), 1, 6, 1, 1
(74, 71), 1, 6, 1, 1
(74, 72), 1, 6, 1, 1
(74, 73), 1, 9, 1, 1
(74, 75), 1, 6, 1, 1
(74, 173), 2, 8, 0, 0
(74, 174), 2, 8, 0, 0
(74, 196), 2, 9, 0, 0
(74, 197), 2, 9, 0, 0
(74, 198), 2, 9, 0, 0
(75, 68), 1, 6, 1, 1
(75, 69), 1, 8, 1, 1
(75, 70), 1, 6, 1, 1
(75, 71), 1, 6, 1, 1
(75, 72), 1, 6, 1, 1
(75, 73), 1, 9, 1, 1
(75, 74), 1, 6, 1, 1
(75, 173), 2, 8, 0, 0
(75, 174), 2, 8, 0, 0
(75, 196), 2, 9, 0, 0
(75, 197), 2, 9, 0, 0
(75, 198), 2, 9, 0, 0
(76, 77), 1, 1, 1, 1
(76, 78), 1, 1, 1, 1
(77, 76), 1, 1, 1, 1
(77, 78), 1, 1, 1, 1
(78, 76), 1, 1, 1, 1
(78, 77), 1, 1, 1, 1
(79, 26), 1, 10, 1, 1
(79, 27), 2, 5, 0, 0
(79, 28), 2, 6, 0, 0
(79, 80), 1, 3, 1, 1
(79, 81), 1, 3, 1, 1
(79, 82), 1, 4, 1, 1
(79, 103), 3, 5, 0, 0
(79, 240), 2, 8, 0, 0
(79, 241), 2, 8, 0, 0
(79, 242), 2, 8, 0, 0
(79, 243), 2, 8, 0, 0
(79, 244), 2, 9, 0, 0
(79, 256), 3, 5, 0, 0
(79, 3337), 2, 4, 0, 0
(80, 26), 1, 10, 1, 1
(80, 27), 2, 5, 0, 0
(80, 28), 2, 6, 0, 0
(80, 79), 1, 3, 1, 1
(80, 81), 1, 3, 1, 1
(80, 82), 1, 4, 1, 1
(80, 103), 3, 5, 0, 0
(80, 240), 2, 8, 0, 0
(80, 241), 2, 8, 0, 0
(80, 242), 2, 8, 0, 0
(80, 243), 2, 8, 0, 0
(80, 244), 2, 9, 0, 0
(80, 256), 3, 5, 0, 0
(80, 3337), 2, 4, 0, 0
(81, 26), 1, 10, 1, 1
(81, 27), 2, 5, 0, 0
(81, 28), 2, 6, 0, 0
(81, 79), 1, 3, 1, 1
(81, 80), 1, 3, 1, 1
(81, 82), 1, 4, 1, 1
(81, 103), 3, 5, 0, 0
(81, 240), 2, 8, 0, 0
(81, 241), 2, 8, 0, 0
(81, 242), 2, 8, 0, 0
(81, 243), 2, 8, 0, 0
(81, 244), 2, 9, 0, 0
(81, 256), 3, 5, 0, 0
(81, 3337), 2, 4, 0, 0
(82, 26), 1, 11, 1, 1
(82, 27), 2, 6, 0, 0
(82, 28), 2, 7, 0, 0
(82, 79), 1, 4, 1, 1
(82, 80), 1, 4, 1, 1
(82, 81), 1, 4, 1, 1
(82, 103), 3, 6, 0, 0
(82, 240), 2, 9, 0, 0
(82, 241), 2, 9, 0, 0
(82, 242), 2, 9, 0, 0
(82, 243), 2, 9, 0, 0
(82, 244), 2, 10, 0, 0
(82, 256), 3, 6, 0, 0
(82, 3337), 1, 4, 1, 1
(83, 84), 2, 4, 2, 1
(83, 85), 1, 4, 1, 1
(83, 86), 1, 4, 1, 1
(83, 169), 1, 4, 1, 1
(83, 170), 1, 4, 1, 1
(84, 83), 2, 4, 2, 1
(84, 85), 1, 4, 1, 1
(84, 86), 1, 4, 1, 1
(84, 169), 1, 4, 1, 1
(84, 170), 1, 4, 1, 1
(85, 83), 1, 4, 1, 1
(85, 84), 1, 4, 1, 1
(85, 86), 1, 2, 1, 1
(85, 169), 2, 4, 0, 0
(85, 170), 2, 4, 0, 0
(86, 83), 1, 4, 1, 1
(86, 84), 1, 4, 1, 1
(86, 85), 1, 2, 1, 1
(86, 169), 2, 4, 0, 0
(86, 170), 2, 4, 0, 0
(87, 88), 1, 2, 1, 1
(87, 89), 1, 2, 1, 1
(87, 90), 1, 2, 1, 1
(88, 87), 1, 2, 1, 1
(88, 89), 1, 2, 1, 1
(88, 90), 1, 2, 1, 1
(89, 87), 1, 2, 1, 1
(89, 88), 1, 2, 1, 1
(89, 90), 1, 2, 1, 1
(90, 87), 1, 2, 1, 1
(90, 88), 1, 2, 1, 1
(90, 89), 1, 2, 1, 1
(91, 14), 1, 3, 1, 1
(91, 92), 1, 3, 1, 1
(91, 93), 1, 3, 1, 1
(91, 94), 1, 3, 1, 1
(92, 14), 1, 3, 1, 1
(92, 91), 1, 3, 1, 1
(92, 93), 1, 3, 1, 1
(92, 94), 1, 3, 1, 1
(93, 14), 1, 3, 1, 1
(93, 91), 1, 3, 1, 1
(93, 92), 1, 3, 1, 1
(93, 94), 1, 3, 1, 1
(94, 14), 1, 3, 1, 1
(94, 91), 1, 3, 1, 1
(94, 92), 1, 3, 1, 1
(94, 93), 1, 3, 1, 1
(96, 97), 1, 4, 1, 1
(96, 98), 1, 4, 1, 1
(96, 99), 2, 4, 2, 1
(96, 207), 1, 4, 1, 1
(96, 208), 1, 4, 1, 1
(97, 96), 1, 4, 1, 1
(97, 98), 1, 2, 1, 1
(97, 99), 1, 4, 1, 1
(97, 207), 2, 4, 0, 0
(97, 208), 2, 4, 0, 0
(98, 96), 1, 4, 1, 1
(98, 97), 1, 2, 1, 1
(98, 99), 1, 4, 1, 1
(98, 207), 2, 4, 0, 0
(98, 208), 2, 4, 0, 0
(99, 96), 2, 4, 2, 1
(99, 97), 1, 4, 1, 1
(99, 98), 1, 4, 1, 1
(99, 207), 1, 4, 1, 1
(99, 208), 1, 4, 1, 1
(100, 29), 2, 4, 0, 0
(100, 30), 1, 4, 1, 1
(100, 31), 2, 4, 0, 0
(100, 101), 1, 2, 1, 1
(100, 102), 1, 2, 1, 1
(101, 29), 2, 4, 0, 0
(101, 30), 1, 4, 1, 1
(101, 31), 2, 4, 0, 0
(101, 100), 1, 2, 1, 1
(101, 102), 1, 2, 1, 1
(102, 29), 2, 4, 0, 0
(102, 30), 1, 4, 1, 1
(102, 31), 2, 4, 0, 0
(102, 100), 1, 2, 1, 1
(102, 101), 1, 2, 1, 1
(103, 26), 2, 11, 0, 0
(103, 27), 2, 2, 0, 0
(103, 28), 1, 2, 1, 1
(103, 79), 3, 5, 0, 0
(103, 80), 3, 5, 0, 0
(103, 81), 3, 5, 0, 0
(103, 82), 3, 6, 0, 0
(103, 240), 3, 6, 0, 0
(103, 241), 3, 6, 0, 0
(103, 242), 3, 6, 0, 0
(103, 243), 3, 6, 0, 0
(103, 244), 3, 7, 0, 0
(103, 256), 4, 2, 0, 0
(103, 3337), 4, 2, 0, 0
(104, 56), 2, 4, 0, 0
(104, 57), 1, 4, 1, 1
(104, 58), 2, 4, 0, 0
(104, 105), 1, 2, 1, 1
(104, 106), 1, 2, 1, 1
(105, 56), 2, 4, 0, 0
(105, 57), 1, 4, 1, 1
(105, 58), 2, 4, 0, 0
(105, 104), 1, 2, 1, 1
(105, 106), 1, 2, 1, 1
(106, 56), 2, 4, 0, 0
(106, 57), 1, 4, 1, 1
(106, 58), 2, 4, 0, 0
(106, 104), 1, 2, 1, 1
(106, 105), 1, 2, 1, 1
(107, 108), 2, 2, 2, 1
(107, 109), 2, 2, 2, 1
(107, 181), 1, 2, 1, 1
(108, 107), 2, 2, 2, 1
(108, 109), 2, 2, 2, 1
(108, 181), 1, 2, 1, 1
(109, 107), 2, 2, 2, 1
(109, 108), 2, 2, 2, 1
(109, 181), 1, 2, 1, 1
